0 0.534844 0.315047 0.055125 0.036344
0 0.606898 0.393992 0.068922 0.063922
0 0.546750 0.418430 0.078937 0.052641
0 0.475945 0.437852 0.020047 0.013797
0 0.828703 0.231086 0.038844 0.031328
0 0.890109 0.543117 0.041344 0.028828
0 0.656398 0.540609 0.067672 0.041344
0 0.310539 0.537477 0.030078 0.020047
0 0.294867 0.485469 0.053891 0.038844
0 0.267930 0.549383 0.047609 0.031328
0 0.414539 0.534344 0.042609 0.053875
0 0.442109 0.586344 0.052625 0.040094
0 0.490984 0.498008 0.042594 0.043859
0 0.680203 0.439727 0.037594 0.055141
0 0.643867 0.504898 0.035078 0.030078
0 0.848758 0.464164 0.033828 0.031328
0 0.889484 0.486727 0.037594 0.043859
0 0.722187 0.602008 0.051375 0.041359
0 0.423945 0.732969 0.028828 0.022562
0 0.424570 0.811289 0.032578 0.031328
0 0.501633 0.868305 0.041359 0.045109
0 0.751016 0.844492 0.036344 0.045109
0 0.899508 0.610164 0.055141 0.067672
0 0.405766 0.202891 0.062656 0.062656
