0 0.438253 0.561508 0.038600 0.065097
0 0.538371 0.500926 0.060318 0.037972
0 0.602306 0.490988 0.067553 0.047019
0 0.586624 0.571455 0.031365 0.023510
0 0.544406 0.640176 0.045847 0.048818
0 0.923176 0.595864 0.055482 0.065097
0 0.820035 0.811966 0.059106 0.059665
0 0.841147 0.651023 0.045847 0.045220
0 0.788676 0.463862 0.051871 0.039788
0 0.704835 0.516305 0.041012 0.036173
0 0.537771 0.313765 0.025329 0.025309
0 0.504600 0.370741 0.036188 0.027125
0 0.439459 0.337275 0.041012 0.036173
0 0.426794 0.396949 0.042224 0.032557
0 0.387594 0.445785 0.043424 0.047019
0 0.324259 0.507257 0.037388 0.036173
0 0.373118 0.587734 0.031365 0.063298
0 0.383971 0.650123 0.028953 0.025326
0 0.366482 0.751393 0.054282 0.047019
0 0.399053 0.900582 0.051871 0.074145
0 0.317629 0.894250 0.043424 0.079577
0 0.631253 0.955732 0.038600 0.075944
0 0.691947 0.667460 0.030153 0.025326
0 0.742841 0.380503 0.020506 0.030741
0 0.642112 0.732222 0.024129 0.025326
