0 0.337467 0.570237 0.087967 0.077875
0 0.118242 0.588637 0.082217 0.093025
0 0.164392 0.760625 0.119717 0.069250
0 0.568233 0.715200 0.053367 0.056250
0 0.478817 0.806050 0.038933 0.056250
0 0.561750 0.517238 0.054800 0.058425
0 0.602133 0.494525 0.057700 0.056250
0 0.672800 0.395000 0.037500 0.047600
0 0.742033 0.430700 0.060567 0.054100
0 0.739867 0.507500 0.041833 0.043250
0 0.780258 0.475050 0.024517 0.025950
0 0.244442 0.443675 0.051917 0.054100
0 0.207658 0.387437 0.036050 0.028125
0 0.165117 0.396087 0.025967 0.028125
0 0.054775 0.503175 0.033183 0.043250
0 0.131933 0.509663 0.049033 0.043275
0 0.292758 0.058575 0.044717 0.041100
0 0.382175 0.388512 0.036050 0.025975
0 0.468000 0.436100 0.043267 0.056250
0 0.542275 0.424200 0.036050 0.049750
0 0.582667 0.297637 0.021633 0.043275
0 0.623042 0.311713 0.024517 0.019475
0 0.629533 0.272775 0.043267 0.032450
0 0.786742 0.359312 0.051917 0.028125
