0 0.508420 0.176233 0.073577 0.100783
0 0.440866 0.472175 0.083232 0.122233
0 0.319640 0.491471 0.060315 0.096508
0 0.302750 0.641587 0.045833 0.070772
0 0.372110 0.732725 0.047042 0.064328
0 0.693583 0.642656 0.057905 0.085778
0 0.881759 0.596556 0.072375 0.109365
0 0.623015 0.372455 0.061518 0.090074
0 0.695393 0.419635 0.037393 0.094360
0 0.699012 0.226630 0.039810 0.055757
0 0.784655 0.109751 0.078405 0.075058
0 0.711060 0.063381 0.021714 0.021450
0 0.496717 0.697794 0.046911 0.083397
0 0.584676 0.733540 0.046911 0.062550
0 0.781952 0.855656 0.022619 0.041704
0 0.832214 0.813958 0.022619 0.068508
0 0.516824 0.956921 0.051935 0.050624
