0 0.685852 0.534969 0.053891 0.037594
0 0.723437 0.682219 0.063906 0.073937
0 0.472188 0.771188 0.070188 0.038844
0 0.589352 0.825070 0.081453 0.061391
0 0.912039 0.526203 0.070172 0.075188
0 0.328078 0.652141 0.037594 0.026313
0 0.386977 0.662789 0.065172 0.052641
0 0.645117 0.167172 0.030078 0.036344
0 0.291734 0.611414 0.052625 0.042609
0 0.315547 0.496117 0.067656 0.057641
0 0.342492 0.438484 0.031328 0.025062
0 0.237852 0.447250 0.055141 0.037594
0 0.237227 0.732344 0.051391 0.036344
0 0.435852 0.714789 0.057641 0.043859
0 0.546750 0.595750 0.023813 0.023812
0 0.538602 0.534336 0.045109 0.043859
0 0.516672 0.444742 0.058906 0.040109
0 0.558648 0.500508 0.067672 0.048859
0 0.688984 0.466047 0.035094 0.037594
0 0.886969 0.422813 0.037594 0.033844
