0 0.386969 0.392734 0.050125 0.051375
0 0.499125 0.469805 0.036344 0.032578
0 0.848125 0.521805 0.050125 0.043859
0 0.783594 0.535594 0.048875 0.041344
0 0.678953 0.551258 0.045125 0.035078
0 0.696492 0.666547 0.042609 0.035094
0 0.923937 0.590734 0.051375 0.058906
0 0.324320 0.542492 0.055141 0.045109
0 0.357523 0.605141 0.046359 0.037594
0 0.249758 0.590727 0.061391 0.043859
0 0.457773 0.894617 0.056391 0.042609
0 0.688977 0.892117 0.040109 0.055141
0 0.779836 0.820055 0.028828 0.041359
0 0.806773 0.883969 0.047609 0.066406
0 0.592484 0.256148 0.077688 0.066422
0 0.725953 0.425320 0.051375 0.058891
0 0.234719 0.301258 0.051375 0.046359
0 0.165797 0.203516 0.031344 0.038844
