0 0.490221 0.424837 0.091675 0.077800
0 0.577675 0.573206 0.063933 0.077813
0 0.592150 0.196850 0.114600 0.085050
0 0.472729 0.236656 0.071175 0.066937
0 0.583100 0.282800 0.067550 0.057900
0 0.706142 0.309931 0.043433 0.050662
0 0.771883 0.382313 0.049450 0.068750
0 0.888896 0.466450 0.068758 0.063325
0 0.809883 0.785813 0.098917 0.159225
0 0.704937 0.923325 0.074792 0.119425
0 0.465488 0.651006 0.039808 0.045237
0 0.483587 0.736050 0.068758 0.063325
0 0.344867 0.564156 0.092883 0.103137
0 0.270675 0.413981 0.077200 0.074188
0 0.345467 0.480925 0.053083 0.038000
0 0.549325 0.510781 0.050667 0.043437
0 0.630146 0.521637 0.055492 0.076000
0 0.715187 0.490875 0.075992 0.061525
